Time	Energy 	Sigma 	Initial_temperature 	Density_of_water 	Depth_of_mixed_layer 	Specific_heat_of_water 	Heat_capacity 	Temperature 	Seconds_per_year 	Solar_constant 	Albedo 	Solar 	IR 	T_Celsius 	
Years	Stock 	Converter 	Converter 	Converter 	Converter 	Converter 	Converter 	Converter 	Converter 	Converter 	Converter 	Flow 	Flow 	Converter 	
0 	 10 	 0.1
0 	57607335000 	5.6696e-008 	273.15 	1000 	50 	4218 	210900000 	273.15 	31536000 	1367 	0.3 	7544199600 	9953225558.365 	0
0.1 	57366432404.163 	5.6696e-008 	273.15 	1000 	50 	4218 	210900000 	272.00774018096 	31536000 	1367 	0.3 	7544199600 	9787777229.2636 	-1.1422598190446
0.2 	57142074641.237 	5.6696e-008 	273.15 	1000 	50 	4218 	210900000 	270.94392907177 	31536000 	1367 	0.3 	7544199600 	9635554768.7789 	-2.206070928226
0.3 	56932939124.359 	5.6696e-008 	273.15 	1000 	50 	4218 	210900000 	269.95229551617 	31536000 	1367 	0.3 	7544199600 	9495265789.5057 	-3.1977044838347
0.4 	56737832505.409 	5.6696e-008 	273.15 	1000 	50 	4218 	210900000 	269.02718115414 	31536000 	1367 	0.3 	7544199600 	9365773944.4616 	-4.1228188458574
0.5 	56555675070.963 	5.6696e-008 	273.15 	1000 	50 	4218 	210900000 	268.16346643415 	31536000 	1367 	0.3 	7544199600 	9246076244.8436 	-4.9865335658487
0.6 	56385487406.478 	5.6696e-008 	273.15 	1000 	50 	4218 	210900000 	267.35650738017 	31536000 	1367 	0.3 	7544199600 	9135284210.4249 	-5.7934926198286
0.7 	56226378945.436 	5.6696e-008 	273.15 	1000 	50 	4218 	210900000 	266.60208129652 	31536000 	1367 	0.3 	7544199600 	9032608120.2252 	-6.547918703482
0.8 	56077538093.413 	5.6696e-008 	273.15 	1000 	50 	4218 	210900000 	265.89633994032 	31536000 	1367 	0.3 	7544199600 	8937343786.3437 	-7.2536600596817
0.9 	55938223674.779 	5.6696e-008 	273.15 	1000 	50 	4218 	210900000 	265.23576896529 	31536000 	1367 	0.3 	7544199600 	8848861393.0993 	-7.9142310347142
1 	55807757495.469 	5.6696e-008 	273.15 	1000 	50 	4218 	210900000 	264.61715265751 	31536000 	1367 	0.3 	7544199600 	8766596035.9051 	-8.5328473424901
1.1 	55685517851.878 	5.6696e-008 	273.15 	1000 	50 	4218 	210900000 	264.03754315732 	31536000 	1367 	0.3 	7544199600 	8690039666.219 	-9.1124568426822
1.2 	55570933845.256 	5.6696e-008 	273.15 	1000 	50 	4218 	210900000 	263.4942335005 	31536000 	1367 	0.3 	7544199600 	8618734205.3266 	-9.6557664994954
1.3 	55463480384.724 	5.6696e-008 	273.15 	1000 	50 	4218 	210900000 	262.98473392472 	31536000 	1367 	0.3 	7544199600 	8552265634.2461 	-10.165266075279
1.4 	55362673781.299 	5.6696e-008 	273.15 	1000 	50 	4218 	210900000 	262.50675097818 	31536000 	1367 	0.3 	7544199600 	8490258902.4134 	-10.643249021815
1.5 	55268067851.058 	5.6696e-008 	273.15 	1000 	50 	4218 	210900000 	262.05816904247 	31536000 	1367 	0.3 	7544199600 	8432373526.0494 	-11.091830957526
1.6 	55179250458.453 	5.6696e-008 	273.15 	1000 	50 	4218 	210900000 	261.6370339424 	31536000 	1367 	0.3 	7544199600 	8378299769.7914 	-11.512966057597
1.7 	55095840441.474 	5.6696e-008 	273.15 	1000 	50 	4218 	210900000 	261.2415383664 	31536000 	1367 	0.3 	7544199600 	8327755323.4775 	-11.9084616336
1.8 	55017484869.126 	5.6696e-008 	273.15 	1000 	50 	4218 	210900000 	260.87000886262 	31536000 	1367 	0.3 	7544199600 	8280482400.8169 	-12.279991137383
1.9 	54943856589.044 	5.6696e-008 	273.15 	1000 	50 	4218 	210900000 	260.52089421074 	31536000 	1367 	0.3 	7544199600 	8236245198.7792 	-12.629105789264
2 	54874652029.166 	5.6696e-008 	273.15 	1000 	50 	4218 	210900000 	260.19275499842 	31536000 	1367 	0.3 	7544199600 	8194827666.4359 	-12.957245001582
2.1 	54809589222.523 	5.6696e-008 	273.15 	1000 	50 	4218 	210900000 	259.88425425568 	31536000 	1367 	0.3 	7544199600 	8156031540.1285 	-13.265745744321
2.2 	54748406028.51 	5.6696e-008 	273.15 	1000 	50 	4218 	210900000 	259.59414902091 	31536000 	1367 	0.3 	7544199600 	8119674608.5544 	-13.55585097909
2.3 	54690858527.654 	5.6696e-008 	273.15 	1000 	50 	4218 	210900000 	259.32128272951 	31536000 	1367 	0.3 	7544199600 	8085589176.9307 	-13.828717270486
2.4 	54636719569.961 	5.6696e-008 	273.15 	1000 	50 	4218 	210900000 	259.06457833078 	31536000 	1367 	0.3 	7544199600 	8053620704.023 	-14.08542166922
2.5 	54585777459.559 	5.6696e-008 	273.15 	1000 	50 	4218 	210900000 	258.82303205102 	31536000 	1367 	0.3 	7544199600 	8023626589.6945 	-14.326967948985
2.6 	54537834760.59 	5.6696e-008 	273.15 	1000 	50 	4218 	210900000 	258.59570773158 	31536000 	1367 	0.3 	7544199600 	7995475093.8653 	-14.554292268423
2.7 	54492707211.203 	5.6696e-008 	273.15 	1000 	50 	4218 	210900000 	258.38173167948 	31536000 	1367 	0.3 	7544199600 	7969044370.4943 	-14.768268320516
2.8 	54450222734.154 	5.6696e-008 	273.15 	1000 	50 	4218 	210900000 	258.18028797607 	31536000 	1367 	0.3 	7544199600 	7944221602.4898 	-14.969712023927
2.9 	54410220533.905 	5.6696e-008 	273.15 	1000 	50 	4218 	210900000 	257.99061419585 	31536000 	1367 	0.3 	7544199600 	7920902225.3933 	-15.15938580415
3 	54372550271.365 	5.6696e-008 	273.15 	1000 	50 	4218 	210900000 	257.81199749343 	31536000 	1367 	0.3 	7544199600 	7898989229.329 	-15.338002506565
3.1 	54337071308.433 	5.6696e-008 	273.15 	1000 	50 	4218 	210900000 	257.64377102149 	31536000 	1367 	0.3 	7544199600 	7878392530.1087 	-15.506228978509
3.2 	54303652015.422 	5.6696e-008 	273.15 	1000 	50 	4218 	210900000 	257.48531064685 	31536000 	1367 	0.3 	7544199600 	7859028401.5784 	-15.664689353145
3.3 	54272169135.264 	5.6696e-008 	273.15 	1000 	50 	4218 	210900000 	257.33603193582 	31536000 	1367 	0.3 	7544199600 	7840818962.3118 	-15.813968064183
3.4 	54242507199.033 	5.6696e-008 	273.15 	1000 	50 	4218 	210900000 	257.1953873828 	31536000 	1367 	0.3 	7544199600 	7823691710.6336 	-15.9546126172
3.5 	54214557987.969 	5.6696e-008 	273.15 	1000 	50 	4218 	210900000 	257.0628638595 	31536000 	1367 	0.3 	7544199600 	7807579102.7059 	-16.087136140497
3.6 	54188220037.699 	5.6696e-008 	273.15 	1000 	50 	4218 	210900000 	256.9379802641 	31536000 	1367 	0.3 	7544199600 	7792418169.0628 	-16.2120197359
3.7 	54163398180.792 	5.6696e-008 	273.15 	1000 	50 	4218 	210900000 	256.82028535226 	31536000 	1367 	0.3 	7544199600 	7778150165.5354 	-16.329714647736
3.8 	54140003124.239 	5.6696e-008 	273.15 	1000 	50 	4218 	210900000 	256.70935573371 	31536000 	1367 	0.3 	7544199600 	7764720254.9962 	-16.440644266293
3.9 	54117951058.739 	5.6696e-008 	273.15 	1000 	50 	4218 	210900000 	256.60479401963 	31536000 	1367 	0.3 	7544199600 	7752077216.772 	-16.545205980374
4 	54097163297.062 	5.6696e-008 	273.15 	1000 	50 	4218 	210900000 	256.50622710793 	31536000 	1367 	0.3 	7544199600 	7740173180.9409 	-16.643772892072
4.1 	54077565938.968 	5.6696e-008 	273.15 	1000 	50 	4218 	210900000 	256.41330459444 	31536000 	1367 	0.3 	7544199600 	7728963385.0455 	-16.736695405557
4.2 	54059089560.463 	5.6696e-008 	273.15 	1000 	50 	4218 	210900000 	256.32569729949 	31536000 	1367 	0.3 	7544199600 	7718405951.0367 	-16.824302700506
4.3 	54041668925.36 	5.6696e-008 	273.15 	1000 	50 	4218 	210900000 	256.24309590024 	31536000 	1367 	0.3 	7544199600 	7708461680.4999 	-16.906904099764
4.4 	54025242717.31 	5.6696e-008 	273.15 	1000 	50 	4218 	210900000 	256.16520966007 	31536000 	1367 	0.3 	7544199600 	7699093866.4346 	-16.984790339925
4.5 	54009753290.666 	5.6696e-008 	273.15 	1000 	50 	4218 	210900000 	256.09176524735 	31536000 	1367 	0.3 	7544199600 	7690268120.0418 	-17.058234752649
4.6 	53995146438.662 	5.6696e-008 	273.15 	1000 	50 	4218 	210900000 	256.02250563614 	31536000 	1367 	0.3 	7544199600 	7681952211.1384 	-17.127494363859
4.7 	53981371177.548 	5.6696e-008 	273.15 	1000 	50 	4218 	210900000 	255.95718908273 	31536000 	1367 	0.3 	7544199600 	7674115920.965 	-17.192810917268
4.8 	53968379545.452 	5.6696e-008 	273.15 	1000 	50 	4218 	210900000 	255.89558817189 	31536000 	1367 	0.3 	7544199600 	7666730906.2796 	-17.254411828109
4.9 	53956126414.824 	5.6696e-008 	273.15 	1000 	50 	4218 	210900000 	255.83748892757 	31536000 	1367 	0.3 	7544199600 	7659770573.7423 	-17.312511072433
5 	53944569317.45 	5.6696e-008 	273.15 	1000 	50 	4218 	210900000 	255.78268998317 	31536000 	1367 	0.3 	7544199600 	7653209963.6996 	-17.367310016835
5.1 	53933668281.08 	5.6696e-008 	273.15 	1000 	50 	4218 	210900000 	255.73100180692 	31536000 	1367 	0.3 	7544199600 	7647025642.5608 	-17.418998193079
5.2 	53923385676.824 	5.6696e-008 	273.15 	1000 	50 	4218 	210900000 	255.6822459783 	31536000 	1367 	0.3 	7544199600 	7641195603.0433 	-17.4677540217
5.3 	53913686076.519 	5.6696e-008 	273.15 	1000 	50 	4218 	210900000 	255.63625451171 	31536000 	1367 	0.3 	7544199600 	7635699171.6287 	-17.513745488292
5.4 	53904536119.356 	5.6696e-008 	273.15 	1000 	50 	4218 	210900000 	255.59286922407 	31536000 	1367 	0.3 	7544199600 	7630516922.6386 	-17.55713077593
5.5 	53895904387.092 	5.6696e-008 	273.15 	1000 	50 	4218 	210900000 	255.55194114316 	31536000 	1367 	0.3 	7544199600 	7625630598.3921 	-17.59805885684
5.6 	53887761287.253 	5.6696e-008 	273.15 	1000 	50 	4218 	210900000 	255.51332995378 	31536000 	1367 	0.3 	7544199600 	7621023034.9573 	-17.636670046215
5.7 	53880078943.757 	5.6696e-008 	273.15 	1000 	50 	4218 	210900000 	255.47690347917 	31536000 	1367 	0.3 	7544199600 	7616678093.0554 	-17.673096520827
5.8 	53872831094.452 	5.6696e-008 	273.15 	1000 	50 	4218 	210900000 	255.44253719513 	31536000 	1367 	0.3 	7544199600 	7612580593.7132 	-17.707462804875
5.9 	53865992995.081 	5.6696e-008 	273.15 	1000 	50 	4218 	210900000 	255.41011377468 	31536000 	1367 	0.3 	7544199600 	7608716258.2996 	-17.739886225317
6 	53859541329.251 	5.6696e-008 	273.15 	1000 	50 	4218 	210900000 	255.37952266122 	31536000 	1367 	0.3 	7544199600 	7605071652.6092 	-17.770477338783
6.1 	53853454123.99 	5.6696e-008 	273.15 	1000 	50 	4218 	210900000 	255.35065966804 	31536000 	1367 	0.3 	7544199600 	7601634134.6903 	-17.799340331959
6.2 	53847710670.521 	5.6696e-008 	273.15 	1000 	50 	4218 	210900000 	255.32342660275 	31536000 	1367 	0.3 	7544199600 	7598391806.1363 	-17.826573397246
6.3 	53842291449.907 	5.6696e-008 	273.15 	1000 	50 	4218 	210900000 	255.29773091469 	31536000 	1367 	0.3 	7544199600 	7595333466.5864 	-17.852269085315
6.4 	53837178063.248 	5.6696e-008 	273.15 	1000 	50 	4218 	210900000 	255.27348536391 	31536000 	1367 	0.3 	7544199600 	7592448571.2012 	-17.876514636091
6.5 	53832353166.128 	5.6696e-008 	273.15 	1000 	50 	4218 	210900000 	255.25060771042 	31536000 	1367 	0.3 	7544199600 	7589727190.8984 	-17.899392289576
6.6 	53827800407.038 	5.6696e-008 	273.15 	1000 	50 	4218 	210900000 	255.22902042218 	31536000 	1367 	0.3 	7544199600 	7587159975.1518 	-17.920979577817
6.7 	53823504369.523 	5.6696e-008 	273.15 	1000 	50 	4218 	210900000 	255.20865040077 	31536000 	1367 	0.3 	7544199600 	7584738117.1725 	-17.941349599226
6.8 	53819450517.806 	5.6696e-008 	273.15 	1000 	50 	4218 	210900000 	255.18942872359 	31536000 	1367 	0.3 	7544199600 	7582453321.3051 	-17.960571276406
6.9 	53815625145.676 	5.6696e-008 	273.15 	1000 	50 	4218 	210900000 	255.1712904015 	31536000 	1367 	0.3 	7544199600 	7580297772.4849 	-17.978709598504
7 	53812015328.427 	5.6696e-008 	273.15 	1000 	50 	4218 	210900000 	255.15417415091 	31536000 	1367 	0.3 	7544199600 	7578264107.6163 	-17.995825849089
7.1 	53808608877.665 	5.6696e-008 	273.15 	1000 	50 	4218 	210900000 	255.13802217954 	31536000 	1367 	0.3 	7544199600 	7576345388.7394 	-18.011977820458
7.2 	53805394298.791 	5.6696e-008 	273.15 	1000 	50 	4218 	210900000 	255.12277998479 	31536000 	1367 	0.3 	7544199600 	7574535077.8648 	-18.027220015213
7.3 	53802360751.005 	5.6696e-008 	273.15 	1000 	50 	4218 	210900000 	255.10839616408 	31536000 	1367 	0.3 	7544199600 	7572827013.3656 	-18.041603835917
7.4 	53799498009.668 	5.6696e-008 	273.15 	1000 	50 	4218 	210900000 	255.09482223646 	31536000 	1367 	0.3 	7544199600 	7571215387.8219 	-18.055177763544
7.5 	53796796430.886 	5.6696e-008 	273.15 	1000 	50 	4218 	210900000 	255.08201247457 	31536000 	1367 	0.3 	7544199600 	7569694727.2232 	-18.067987525433
7.6 	53794246918.164 	5.6696e-008 	273.15 	1000 	50 	4218 	210900000 	255.06992374663 	31536000 	1367 	0.3 	7544199600 	7568259871.4386 	-18.080076253371
7.7 	53791840891.02 	5.6696e-008 	273.15 	1000 	50 	4218 	210900000 	255.05851536757 	31536000 	1367 	0.3 	7544199600 	7566905955.8736 	-18.091484632432
7.8 	53789570255.433 	5.6696e-008 	273.15 	1000 	50 	4218 	210900000 	255.0477489589 	31536000 	1367 	0.3 	7544199600 	7565628394.2361 	-18.102251041097
7.9 	53787427376.009 	5.6696e-008 	273.15 	1000 	50 	4218 	210900000 	255.03758831678 	31536000 	1367 	0.3 	7544199600 	7564422862.3412 	-18.112411683219
8 	53785405049.775 	5.6696e-008 	273.15 	1000 	50 	4218 	210900000 	255.0279992877 	31536000 	1367 	0.3 	7544199600 	7563285282.8873 	-18.122000712304
8.1 	53783496481.486 	5.6696e-008 	273.15 	1000 	50 	4218 	210900000 	255.01894965143 	31536000 	1367 	0.3 	7544199600 	7562211811.1441 	-18.131050348571
8.2 	53781695260.372 	5.6696e-008 	273.15 	1000 	50 	4218 	210900000 	255.01040901077 	31536000 	1367 	0.3 	7544199600 	7561198821.493 	-18.139590989228
8.3 	53779995338.223 	5.6696e-008 	273.15 	1000 	50 	4218 	210900000 	255.00234868764 	31536000 	1367 	0.3 	7544199600 	7560242894.7675 	-18.147651312363
8.4 	53778391008.746 	5.6696e-008 	273.15 	1000 	50 	4218 	210900000 	254.99474162516 	31536000 	1367 	0.3 	7544199600 	7559340806.3444 	-18.155258374842
8.5 	53776876888.111 	5.6696e-008 	273.15 	1000 	50 	4218 	210900000 	254.98756229545 	31536000 	1367 	0.3 	7544199600 	7558489514.9382 	-18.162437704545
8.6 	53775447896.618 	5.6696e-008 	273.15 	1000 	50 	4218 	210900000 	254.9807866127 	31536000 	1367 	0.3 	7544199600 	7557686152.0552 	-18.169213387304
8.7 	53774099241.412 	5.6696e-008 	273.15 	1000 	50 	4218 	210900000 	254.97439185117 	31536000 	1367 	0.3 	7544199600 	7556928012.0686 	-18.175608148829
8.8 	53772826400.205 	5.6696e-008 	273.15 	1000 	50 	4218 	210900000 	254.96835656807 	31536000 	1367 	0.3 	7544199600 	7556212542.8747 	-18.181643431934
8.9 	53771625105.918 	5.6696e-008 	273.15 	1000 	50 	4218 	210900000 	254.96266053067 	31536000 	1367 	0.3 	7544199600 	7555537337.0955 	-18.187339469333
9 	53770491332.208 	5.6696e-008 	273.15 	1000 	50 	4218 	210900000 	254.95728464774 	31536000 	1367 	0.3 	7544199600 	7554900123.7956 	-18.192715352261
9.1 	53769421279.829 	5.6696e-008 	273.15 	1000 	50 	4218 	210900000 	254.95221090483 	31536000 	1367 	0.3 	7544199600 	7554298760.6805 	-18.19778909517
9.2 	53768411363.761 	5.6696e-008 	273.15 	1000 	50 	4218 	210900000 	254.94742230327 	31536000 	1367 	0.3 	7544199600 	7553731226.7491 	-18.202577696726
9.3 	53767458201.086 	5.6696e-008 	273.15 	1000 	50 	4218 	210900000 	254.94290280268 	31536000 	1367 	0.3 	7544199600 	7553195615.3721 	-18.207097197318
9.4 	53766558599.548 	5.6696e-008 	273.15 	1000 	50 	4218 	210900000 	254.93863726671 	31536000 	1367 	0.3 	7544199600 	7552690127.7716 	-18.211362733293
9.5 	53765709546.771 	5.6696e-008 	273.15 	1000 	50 	4218 	210900000 	254.93461141191 	31536000 	1367 	0.3 	7544199600 	7552213066.8773 	-18.215388588093
9.6 	53764908200.084 	5.6696e-008 	273.15 	1000 	50 	4218 	210900000 	254.93081175952 	31536000 	1367 	0.3 	7544199600 	7551762831.5375 	-18.219188240476
9.7 	53764151876.93 	5.6696e-008 	273.15 	1000 	50 	4218 	210900000 	254.92722558999 	31536000 	1367 	0.3 	7544199600 	7551337911.064 	-18.222774410006
9.8 	53763438045.823 	5.6696e-008 	273.15 	1000 	50 	4218 	210900000 	254.92384090006 	31536000 	1367 	0.3 	7544199600 	7550936880.0903 	-18.226159099937
9.9 	53762764317.814 	5.6696e-008 	273.15 	1000 	50 	4218 	210900000 	254.92064636233 	31536000 	1367 	0.3 	7544199600 	7550558393.7263 	-18.229353637675
10 	53762128438.442 	5.6696e-008 	273.15 	1000 	50 	4218 	210900000 	254.91763128706 	31536000 	1367 	0.3 	7544199600 	7550201182.9901 	-18.232368712936
